Days              : 0
Hours             : 0
Minutes           : 0
Seconds           : 0
Milliseconds      : 133
Ticks             : 1337386
TotalDays         : 1.54790046296296E-06
TotalHours        : 3.71496111111111E-05
TotalMinutes      : 0.00222897666666667
TotalSeconds      : 0.1337386
TotalMilliseconds : 133.7386
